2
        S1  1.00000  0.00508  0.00003  0.98514  0.00974
        S2  1.00000  0.01061  0.00002  0.98471  0.00466
        S3  1.00000  0.01549  0.00010  0.94985  0.03456
        S4  1.00000  0.94783  0.00226  0.01522  0.03469
        S5  1.00000  0.08042  0.00235  0.05304  0.86419
        S6  1.00000  0.96453  0.00099  0.01715  0.01733
        S7  1.00000  0.97559  0.00199  0.01918  0.00324
        S8  1.00000  0.98793  0.00107  0.00955  0.00145
        S9  1.00000  0.96180  0.00221  0.02495  0.01104
       S10  1.00000  0.97627  0.00127  0.01815  0.00432
       S11  1.00000  0.02830  0.00008  0.95444  0.01717
       S12  1.00000  0.99017  0.00151  0.00730  0.00102
       S13  1.00000  0.98126  0.00151  0.01692  0.00031
       S14  1.00000  0.57111  0.00068  0.42273  0.00548
       S15  1.00000  0.70849  0.00097  0.28483  0.00571
       S16  1.00000  0.92131  0.00176  0.07489  0.00204
       S17  1.00000  0.75730  0.00115  0.22797  0.01358
       S18  1.00000  0.98446  0.00091  0.01394  0.00068
       S19  1.00000  0.07124  0.00016  0.86019  0.06841
       S20  1.00000  0.93642  0.00122  0.05226  0.01009
       S21  1.00000  0.30960  0.00125  0.07957  0.60958
       S22  1.00000  0.67885  0.00150  0.03992  0.27973
       S23  1.00000  0.94785  0.00186  0.04958  0.00070
       S24  1.00000  0.71362  0.00076  0.27349  0.01214
       S25  1.00000  0.98037  0.00122  0.01597  0.00244
